1 2 0.655345
1 3 1.11671
1 328 8.51021
1 4 2.13297
1 470 22.7028
1 474 26.1521
1 8 5.37122
2 3 0.884755
2 328 8.0928
2 5 0.820791
3 4 1.0492
3 5 1.25849
3 6 0.890876
4 11 1.68138
4 20 0.873763
4 21 0.865575
4 6 1.1377
4 8 3.48189
5 328 7.53979
5 343 5.35117
5 6 1.00323
5 69 0.725411
5 7 0.49383
5 70 1.31684
6 20 0.967533
6 23 0.364893
6 7 0.689967
7 23 0.71821
7 25 0.918149
7 69 0.487342
7 71 0.899262
8 10 1.12722
8 11 1.95403
8 3105 15.6736
8 698 2.19529
8 779 3.37485
8 9 0.193075
9 10 0.956349
9 16 1.31472
9 697 1.94889
